        Frequency / GHz                S1,1/abs,dB
----------------------------------------------------------------------
                       0                               0
                   0.003                   -0.0014352367
            0.0060000001                   -0.0055579422
            0.0089999996                    -0.011841062
                   0.012                    -0.019481868
                   0.015                    -0.027511124
             0.017999999                    -0.034923501
                   0.021                    -0.040815931
                   0.024                       -0.044514
             0.026999997                    -0.045672961
             0.029999999                    -0.044323023
                   0.033                    -0.040870547
             0.035999998                    -0.036037516
             0.038999993                    -0.030765535
             0.041999999                    -0.026075726
             0.044999998                    -0.022935193
                   0.048                    -0.022121821
             0.050999999                    -0.024116199
             0.053999994                    -0.029042337
                   0.057                    -0.036640588
             0.059999999                    -0.046300124
             0.063000001                    -0.057141855
                   0.066                    -0.068124451
             0.068999998                    -0.078191549
             0.071999997                    -0.086418562
             0.074999988                     -0.09214668
             0.077999987                     -0.09507785
                   0.081                     -0.09532962
             0.083999999                    -0.093417726
             0.086999997                    -0.090195216
             0.089999996                    -0.086730212
             0.092999987                    -0.084160469
             0.096000001                     -0.08353997
             0.098999999                    -0.085694902
                   0.102                    -0.091109157
                   0.105                    -0.099855348
              0.10799999                      -0.1115754
              0.11099999                     -0.12552233
                   0.114                       -0.140645
                   0.117                     -0.15572655
                    0.12                     -0.16954665
              0.12299999                     -0.18105035
                   0.126                     -0.18950504
              0.12899999                     -0.19461221
                   0.132                     -0.19656292
              0.13499998                     -0.19602118
                   0.138                     -0.19404148
                   0.141                     -0.19192512
              0.14399999                     -0.19104868
                   0.147                     -0.19267569
              0.14999998                     -0.19778842
                   0.153                     -0.20695238
              0.15599997                     -0.22023192
              0.15899999                     -0.23716706
                   0.162                     -0.25681928
              0.16499998                     -0.27787584
                   0.168                     -0.29881155
              0.17099997                     -0.31809425
              0.17399999                     -0.33439499
                   0.177                     -0.34678572
              0.17999999                     -0.35488832
                   0.183                     -0.35894921
              0.18599997                     -0.35982603
                   0.189                     -0.35887691
                   0.192                     -0.35779247
              0.19499999                     -0.35836649
                   0.198                     -0.36226004
              0.20099998                     -0.37078339
                   0.204                     -0.38471642
              0.20699997                     -0.40419152
              0.20999999                     -0.42865369
                   0.213                     -0.45690513
              0.21599998                     -0.48722532
                   0.219                     -0.51758027
              0.22199997                      -0.5458743
              0.22499999                      -0.5702495
                   0.228                     -0.58936423
              0.23099998                     -0.60260993
                   0.234                     -0.61024219
              0.23699997                       -0.613383
              0.23999999                     -0.61388642
              0.24299997                     -0.61411369
              0.24599998                     -0.61662167
                   0.249                     -0.62383848
                   0.252                     -0.63774973
                   0.255                     -0.65963697
              0.25799999                     -0.68989366
              0.26100001                     -0.72793734
                   0.264                      -0.7722258
              0.26699999                     -0.82039064
              0.26999995                     -0.86949062
                   0.273                     -0.91636735
              0.27599999                     -0.95808285
              0.27899998                     -0.99236959
              0.28200001                      -1.0180295
                   0.285                       -1.035198
              0.28799999                      -1.0454167
              0.29099995                      -1.0514958
                   0.294                       -1.057184
              0.29699999                      -1.0667144
              0.29999995                      -1.0842944
                   0.303                        -1.11361
              0.30599999                      -1.1573874
              0.30899999                      -1.2170584
              0.31199995                      -1.2925224
                   0.315                      -1.3820556
              0.31799999                      -1.4823629
              0.32099995                      -1.5888342
                   0.324                      -1.6960407
              0.32699999                      -1.7984525
              0.32999995                      -1.8913572
                   0.333                       -1.971851
                   0.336                      -2.0396845
              0.33899999                      -2.0977907
              0.34199995                      -2.1523621
                   0.345                      -2.2124739
              0.34799999                      -2.2894077
              0.35099995                      -2.3958561
                   0.354                      -2.5452228
              0.35699999                      -2.7510898
              0.35999998                      -3.0268812
              0.36299995                      -3.3856347
                   0.366                      -3.8396637
              0.36899999                      -4.3997622
              0.37199995                       -5.073173
                   0.375                      -5.8588314
              0.37799999                      -6.7370534
              0.38099995                         -7.6496
                   0.384                       -8.470767
              0.38699999                      -8.9965105
              0.38999999                      -9.0209579
              0.39299995                      -8.4983006
                   0.396                      -7.5883632
              0.39899999                      -6.5132055
              0.40199995                      -5.4334483
                   0.405                      -4.4325838
              0.40799999                      -3.5445058
              0.41099995                      -2.7780497
              0.41399994                      -2.1308534
                   0.417                      -1.5960338
              0.41999999                      -1.1651307
              0.42299995                     -0.82927328
                   0.426                     -0.57954234
              0.42899999                     -0.40695485
              0.43199995                     -0.30230218
                   0.435                     -0.25594264
              0.43799999                     -0.25763947
              0.44099998                     -0.29649973
              0.44399995                     -0.36109692
                   0.447                     -0.43982351
              0.44999999                     -0.52151787
              0.45299995                     -0.59629565
                   0.456                     -0.65646267
              0.45899999                     -0.69728667
              0.46199995                     -0.71739239
              0.46499994                     -0.71864808
              0.46799999                     -0.70554733
              0.47099999                      -0.6842522
              0.47399995                     -0.66152352
                   0.477                     -0.64375746
              0.47999999                     -0.63623106
              0.48299995                     -0.64262629
              0.48599994                     -0.66477734
              0.48899999                     -0.70262843
              0.49199995                     -0.75434786
              0.49499995                     -0.81658196
                   0.498                     -0.88485193
              0.50099999                     -0.95406085
              0.50400001                      -1.0191181
              0.50699997                       -1.075579
              0.50999999                      -1.1202548
              0.51300001                      -1.1516279
              0.51599997                      -1.1700401
              0.51899999                      -1.1775653
              0.52200001                      -1.1776317
              0.52499998                      -1.1744692
                   0.528                      -1.1724946
              0.53099996                      -1.1757365
              0.53399998                       -1.187382
                   0.537                      -1.2094566
               0.5399999                      -1.2426581
              0.54299998                       -1.286333
                   0.546                      -1.3385903
              0.54899991                      -1.3965304
              0.55199999                      -1.4565958
              0.55500001                      -1.5150032
              0.55799997                      -1.5682302
              0.56099999                      -1.6134902
              0.56400001                      -1.6491171
              0.56699997                      -1.6747839
              0.56999999                      -1.6915326
              0.57299989                      -1.7015847
              0.57599998                      -1.7079873
                   0.579                      -1.7141726
               0.5819999                      -1.7234945
              0.58499998                      -1.7388099
                   0.588                      -1.7621697
               0.5909999                      -1.7945974
              0.59399998                       -1.836013
                   0.597                      -1.8852587
               0.5999999                      -1.9402467
              0.60299999                      -1.9982074
              0.60600001                      -2.0560315
              0.60899991                      -2.1106591
              0.61199999                      -2.1594889
              0.61500001                      -2.2007375
              0.61799997                      -2.2336874
              0.62099999                      -2.2587779
              0.62399989                      -2.2775276
              0.62699997                      -2.2922983
                    0.63                      -2.3059475
               0.6329999                      -2.3214383
              0.63599998                      -2.3414607
                   0.639                      -2.3681085
               0.6419999                      -2.4026484
              0.64499998                      -2.4453938
                   0.648                      -2.4956779
               0.6509999                       -2.551944
              0.65399998                      -2.6119297
              0.65700001                       -2.672936
              0.65999991                      -2.7321696
              0.66299999                      -2.7871056
              0.66600001                      -2.8358376
              0.66899997                      -2.8773403
              0.67199999                      -2.9116156
              0.67499989                      -2.9396901
              0.67799997                      -2.9634488
              0.68099999                      -2.9853749
               0.6839999                      -3.0081894
              0.68699998                      -3.0345092
                    0.69                      -3.0665114
               0.6929999                      -3.1056917
              0.69599998                       -3.152689
                   0.699                      -3.2072339
               0.7019999                      -3.2681711
              0.70499998                      -3.3336055
                   0.708                       -3.401119
              0.71099991                       -3.468076
              0.71399999                      -3.5319567
              0.71700001                      -3.5907042
              0.71999997                      -3.6430089
              0.72299999                      -3.6885014
              0.72599989                      -3.7278049
              0.72899997                      -3.7624466
              0.73199999                      -3.7946329
               0.7349999                      -3.8269427
              0.73799998                      -3.8619885
                   0.741                      -3.9020844
               0.7439999                      -3.9489686
              0.74699998                      -4.0036035
                    0.75                       -4.066071
               0.7529999                      -4.1355639
              0.75599998                      -4.2104831
                   0.759                      -4.2886152
              0.76199991                      -4.3674035
              0.76499999                      -4.4442735
              0.76800001                       -4.516974
              0.77099997                       -4.583899
              0.77399999                      -4.6443172
              0.77699989                      -4.6984901
              0.77999997                      -4.7476377
              0.78299999                      -4.7937694
              0.78599989                      -4.8394008
              0.78899997                       -4.887219
                   0.792                       -4.939743
               0.7949999                      -4.9990039
              0.79799998                      -5.0663209
                   0.801                      -5.1421394
               0.8039999                      -5.2259898
              0.80699998                      -5.3165236
                    0.81                      -5.4116797
               0.8129999                      -5.5089092
              0.81599998                      -5.6055083
              0.81900001                      -5.6989627
              0.82199991                      -5.7873092
              0.82499999                      -5.8694267
              0.82799989                      -5.9452124
              0.83099997                      -6.0156198
              0.83399999                      -6.0825281
              0.83699989                      -6.1484876
              0.83999997                      -6.2163835
              0.84299999                      -6.2890544
               0.8459999                      -6.3689508
              0.84899998                      -6.4578371
                   0.852                      -6.5565858
               0.8549999                      -6.6650829
              0.85799998                      -6.7822208
                   0.861                      -6.9060159
               0.8639999                      -7.0338321
              0.86699998                      -7.1626954
                    0.87                      -7.2896838
              0.87299991                      -7.4123416
              0.87599999                      -7.5290518
              0.87899989                      -7.6393085
              0.88199997                      -7.7438278
              0.88499999                      -7.8444796
              0.88799989                      -7.9440408
              0.89099997                      -8.0458279
              0.89399999                      -8.1532688
               0.8969999                      -8.2694759
              0.89999998                      -8.3968611
                   0.903                      -8.5368605
               0.9059999                      -8.6897402
              0.90899998                      -8.8545494
                   0.912                      -9.0291748
               0.9149999                       -9.210557
              0.91799998                      -9.3950253
              0.92099988                       -9.578763
              0.92399991                      -9.7583485
              0.92699999                      -9.9312801
              0.92999989                      -10.096425
              0.93299997                      -10.254253
              0.93599999                      -10.406823
              0.93899989                      -10.557505
              0.94199997                      -10.710503
              0.94499999                      -10.870234
              0.94799989                      -11.040702
              0.95099998                      -11.224894
                   0.954                      -11.424298
               0.9569999                      -11.638534
              0.95999998                      -11.865145
                   0.963                      -12.099583
               0.9659999                       -12.33544
              0.96899998                      -12.564974
              0.97199988                      -12.779951
               0.9749999                       -12.97272
              0.97799999                      -13.137346
              0.98099989                      -13.270507
              0.98399991                      -13.371866
              0.98699999                      -13.443784
              0.98999989                      -13.490388
              0.99299997                      -13.516274
              0.99599999                      -13.525141
              0.99899989                      -13.518648
                   1.002                      -13.495715
                   1.005                      -13.452382
                   1.008                      -13.382271
               1.0109999                      -13.277686
               1.0139999                      -13.131178
                   1.017                       -12.93727
                    1.02                        -12.6939
                   1.023                      -12.403108
                   1.026                      -12.070776
               1.0289999                      -11.705552
               1.0319999                      -11.317348
               1.0349998                      -10.915874
                   1.038                      -10.509547
                   1.041                      -10.104837
                   1.044                      -9.7060699
               1.0469999                      -9.3155508
                    1.05                      -8.9338942
                   1.053                      -8.5604706
                   1.056                      -8.1939135
                   1.059                      -7.8325973
               1.0619999                      -7.4750786
               1.0649999                      -7.1204333
                   1.068                      -6.7684741
                   1.071                      -6.4198389
                   1.074                      -6.0759306
               1.0769999                      -5.7387762
               1.0799998                      -5.4108109
               1.0830001                      -5.0946317
                   1.086                      -4.7927766
               1.0889997                      -4.5075278
                   1.092                      -4.2407742
                   1.095                      -3.9939208
               1.0979998                      -3.7678511
                   1.101                      -3.5629284
                   1.104                      -3.3790336
               1.1069999                      -3.2156308
                    1.11                       -3.071852
               1.1129999                      -2.9465928
               1.1159999                      -2.8386188
               1.1190001                      -2.7466736
                   1.122                      -2.6695731
               1.1249999                       -2.606292
                   1.128                      -2.5560322
                   1.131                      -2.5182469
               1.1339999                      -2.4926548
               1.1369997                      -2.4792111
                    1.14                      -2.4780507
                   1.143                      -2.4894147
               1.1459998                      -2.5135617
               1.1489999                      -2.5506654
                   1.152                       -2.600734
               1.1550001                      -2.6635277
                   1.158                      -2.7385006
               1.1609999                      -2.8247833
               1.1639998                      -2.9211762
               1.1670001                      -3.0261991
                    1.17                      -3.1381671
               1.1729997                      -3.2553051
                   1.176                      -3.3758738
                   1.179                       -3.498328
               1.1819998                      -3.6214466
               1.1849999                      -3.7444441
                   1.188                      -3.8670464
               1.1909999                      -3.9894853
                   1.194                      -4.1124578
               1.1969999                      -4.2370033
               1.1999998                      -4.3643565
               1.2030001                      -4.4957633
                   1.206                      -4.6323018
               1.2089999                      -4.7747207
                   1.212                      -4.9233088
                   1.215                      -5.0778222
               1.2179998                      -5.2374697
                   1.221                      -5.4009538
                   1.224                      -5.5665956
               1.2269999                      -5.7325072
                    1.23                       -5.896811
               1.2329999                      -6.0578737
               1.2359999                      -6.2145481
               1.2390001                      -6.3663287
                   1.242                      -6.5134487
               1.2449999                      -6.6568689
               1.2479998                      -6.7981524
                   1.251                      -6.9392681
               1.2539999                      -7.0823193
               1.2569997                      -7.2292576
                    1.26                      -7.3816242
                   1.263                       -7.540318
               1.2659998                      -7.7054448
               1.2689999                      -7.8762555
                   1.272                      -8.0511713
               1.2749999                      -8.2279329
                   1.278                      -8.4038334
               1.2809999                      -8.5760431
               1.2839998                      -8.7419949
               1.2870001                      -8.8997478
                    1.29                      -9.0483036
               1.2929997                      -9.1877604
                   1.296                      -9.3193274
                   1.299                      -9.4451427
               1.3019998                      -9.5679417
               1.3049999                      -9.6906395
                   1.308                      -9.8158808
               1.3109999                      -9.9456348
                   1.314                      -10.080858
               1.3169999                      -10.221292
               1.3199998                      -10.365384
               1.3230001                      -10.510393
                   1.326                       -10.65263
               1.3289999                      -10.787899
                   1.332                      -10.912045
                   1.335                      -11.021555
               1.3379999                      -11.114121
               1.3409997                      -11.189021
                   1.344                       -11.24723
                   1.347                      -11.291229
               1.3499998                      -11.324564
               1.3529999                      -11.351217
               1.3559999                      -11.374967
               1.3589998                      -11.398773
                   1.362                      -11.424356
               1.3649999                      -11.451914
               1.3679998                      -11.480084
               1.3710001                      -11.506102
                   1.374                      -11.526167
               1.3769997                      -11.535998
                    1.38                      -11.531504
                   1.383                      -11.509473
               1.3859998                      -11.468148
               1.3889999                      -11.407557
                   1.392                      -11.329523
               1.3949999                      -11.237367
                   1.398                      -11.135345
               1.4009999                      -11.028008
               1.4039998                      -10.919549
               1.4070001                      -10.813291
                    1.41                      -10.711321
               1.4129997                       -10.61435
                   1.416                      -10.521708
                   1.419                      -10.431544
               1.4219998                      -10.341153
                   1.425                      -10.247415
                   1.428                      -10.147285
               1.4309999                      -10.038301
                   1.434                       -9.918973
               1.4369999                      -9.7890434
               1.4399999                      -9.6495152
               1.4430001                      -9.5025043
                   1.446                      -9.3508987
               1.4489999                      -9.1979475
               1.4519998                      -9.0468235
                   1.455                       -8.900238
               1.4579999                       -8.760149
               1.4609997                       -8.627593
                   1.464                      -8.5026197
                   1.467                       -8.384366
               1.4699998                      -8.2711973
               1.4729999                       -8.160965
                   1.476                      -8.0512981
               1.4789999                      -7.9399438
                   1.482                      -7.8250647
               1.4849999                      -7.7055097
               1.4879998                      -7.5809531
               1.4910001                      -7.4519377
                   1.494                      -7.3197684
               1.4969997                      -7.1863232
                     1.5                      -7.0537796
                   1.503                      -6.9243307
               1.5059998                      -6.7999191
               1.5089999                      -6.6820149
                   1.512                      -6.5714726
               1.5149999                      -6.4684582
                   1.518                      -6.3724594
               1.5209999                      -6.2823758
               1.5239998                       -6.196661
               1.5270001                      -6.1135292
                    1.53                      -6.0311756
               1.5329999                      -5.9480195
                   1.536                      -5.8628945
                   1.539                      -5.7752109
               1.5419999                      -5.6850166
               1.5449997                      -5.5929842
                   1.548                      -5.5003052
               1.5509999                      -5.4085288
               1.5539998                      -5.3193526
               1.5569999                       -5.234416
               1.5599999                      -5.1551008
               1.5629998                       -5.082387
                   1.566                      -5.0167432
               1.5689999                      -4.9580917
               1.5719998                      -4.9058328
                   1.575                      -4.8589134
               1.5779999                      -4.8159671
               1.5809997                      -4.7754774
                   1.584                        -4.73596
                   1.587                      -4.6961517
               1.5899998                      -4.6551723
               1.5929999                      -4.6126294
                   1.596                      -4.5686731
               1.5989999                      -4.5239644
                   1.602                       -4.479589
               1.6049999                      -4.4369102
               1.6079998                      -4.3973956
               1.6110001                      -4.3624382
                   1.614                      -4.3331923
               1.6169997                      -4.3104367
                    1.62                      -4.2944956
                   1.623                      -4.2851992
               1.6259998                      -4.2819028
               1.6289999                       -4.283566
                   1.632                      -4.2888618
               1.6349999                        -4.29634
                   1.638                      -4.3045998
               1.6409999                      -4.3124557
               1.6439998                      -4.3190989
               1.6470001                      -4.3241887
                    1.65                      -4.3279099
               1.6529999                      -4.3309321
               1.6559998                      -4.3343349
                   1.659                      -4.3394561
               1.6619999                      -4.3477287
               1.6649997                      -4.3604999
                   1.668                      -4.3788667
                   1.671                      -4.4035416
               1.6739998                       -4.434772
               1.6769999                      -4.4722943
               1.6799999                      -4.5153642
               1.6829998                      -4.5628266
                   1.686                       -4.613245
               1.6889999                      -4.6650686
               1.6919998                      -4.7168093
               1.6950001                        -4.76724
                   1.698                      -4.8155499
               1.7009997                      -4.8614511
                   1.704                      -4.9052262
                   1.707                        -4.94769
               1.7099998                      -4.9900875
               1.7129999                      -5.0339284
                   1.716                      -5.0807953
               1.7189999                      -5.1321449
                   1.722                      -5.1891236
               1.7249999                      -5.2524271
               1.7279998                      -5.3221993
               1.7310001                      -5.3980107
                   1.734                      -5.4788842
               1.7369998                      -5.5633936
                    1.74                      -5.6498246
                   1.743                      -5.7363715
               1.7459998                      -5.8213649
               1.7489997                      -5.9034905
                   1.752                      -5.9819741
               1.7549999                      -6.0567002
               1.7579998                      -6.1282296
               1.7609999                      -6.1977425
               1.7639999                      -6.2668772
               1.7669998                       -6.337523
                    1.77                      -6.4115725
               1.7729999                      -6.4906774
               1.7759998                      -6.5760422
                   1.779                      -6.6682649
               1.7819999                      -6.7672467
               1.7849997                      -6.8721776
                   1.788                      -6.9816098
                   1.791                      -7.0936046
               1.7939998                      -7.2059574
               1.7969999                      -7.3164668
                     1.8                      -7.4232311
               1.8029999                      -7.5249147
                   1.806                      -7.6209593
               1.8089999                      -7.7116776
               1.8119998                      -7.7982297
               1.8150001                      -7.8824706
                   1.818                      -7.9667091
               1.8209997                      -8.0533876
                   1.824                      -8.1447754
                   1.827                      -8.2426586
               1.8299998                      -8.3481216
               1.8329997                      -8.4613733
                   1.836                      -8.5817032
               1.8389999                      -8.7075205
               1.8419998                      -8.8365059
               1.8449999                      -8.9658709
               1.8479998                      -9.0926962
               1.8510001                      -9.2143335
                   1.854                      -9.3287773
               1.8569999                      -9.4349966
               1.8599998                       -9.533103
                   1.863                      -9.6243734
               1.8659999                      -9.7110672
               1.8689997                      -9.7961178
                   1.872                      -9.8827114
                   1.875                      -9.9738617
               1.8779998                      -10.071996
               1.8809999                      -10.178629
               1.8839999                      -10.294147
               1.8869998                      -10.417709
                    1.89                      -10.547289
               1.8929999                      -10.679853
               1.8959998                      -10.811712
                   1.899                       -10.93896
                   1.902                      -11.058028
               1.9049997                      -11.166224
                   1.908                      -11.262173
                   1.911                      -11.346084
               1.9139998                      -11.419723
               1.9169999                      -11.486164
                    1.92                      -11.549314
               1.9229999                      -11.613321
                   1.926                      -11.681998
               1.9289999                      -11.758273
               1.9319998                      -11.843812
               1.9350001                      -11.938747
                   1.938                      -12.041619
               1.9409997                      -12.149466
               1.9439998                      -12.258126
                   1.947                      -12.362727
               1.9499998                      -12.458344
               1.9529997                      -12.540734
                   1.956                      -12.607033
               1.9589999                       -12.65627
               1.9619998                      -12.689557
               1.9649999                      -12.709915
               1.9679998                      -12.721763
               1.9709998                      -12.730206
                   1.974                      -12.740266
               1.9769999                      -12.756163
               1.9799998                      -12.780763
                   1.983                      -12.815218
               1.9859999                      -12.858804
               1.9889997                      -12.908977
                   1.992                      -12.961653
                   1.995                      -13.011692
               1.9979998                        -13.0536
               2.0009999                      -13.082349
               2.0039999                      -13.094195
                   2.007                      -13.087347
                    2.01                      -13.062292
               2.0129998                      -13.021729
                   2.016                      -12.970079
               2.0190001                       -12.91277
               2.0219998                      -12.855376
               2.0249999                      -12.802849
               2.0279999                      -12.758882
               2.0309999                      -12.725509
               2.0339999                      -12.702898
               2.0369999                      -12.689367
                    2.04                      -12.681604
                   2.043                      -12.675084
                   2.046                      -12.664665
               2.0489998                      -12.645344
                   2.052                      -12.613008
               2.0550001                      -12.565135
               2.0579998                      -12.501205
               2.0609996                      -12.422809
               2.0639999                      -12.333339
               2.0669999                      -12.237441
               2.0699997                      -12.140272
                   2.073                      -12.046766
                   2.076                      -11.961008
                   2.079                      -11.885766
                   2.082                      -11.822231
               2.0849998                      -11.769923
               2.0880001                      -11.726793
               2.0910001                      -11.689487
               2.0939999                      -11.653775
               2.0969999                      -11.615106
               2.0999999                      -11.569248
               2.1029999                      -11.512922
               2.1059999                      -11.444312
                   2.109                      -11.363347
                   2.112                      -11.271708
                   2.115                      -11.172522
                   2.118                      -11.069869
               2.1209998                      -10.968171
               2.1239998                      -10.871587
               2.1270001                      -10.783495
               2.1299999                      -10.706136
               2.1329999                      -10.640381
               2.1359999                      -10.585682
               2.1389999                      -10.540156
                   2.142                      -10.500823
                   2.145                      -10.463969
                   2.148                      -10.425622
                   2.151                      -10.382087
               2.1539998                      -10.330476
               2.1569998                      -10.269136
               2.1599996                      -10.197897
               2.1630001                      -10.118082
               2.1660001                       -10.03229
               2.1689999                      -9.9439888
               2.1719999                       -9.857008
                   2.175                      -9.7750196
               2.1779995                       -9.701088
               2.1809995                      -9.6373215
                   2.184                       -9.584651
                   2.187                      -9.5427561
               2.1900001                      -9.5101128
               2.1929998                      -9.4841661
               2.1959996                      -9.4616423
               2.1990001                      -9.4389429
               2.2019999                      -9.4126167
               2.2049999                      -9.3798332
               2.2079999                      -9.3387909
                   2.211                      -9.2889881
               2.2139997                      -9.2312794
               2.2169995                      -9.1677456
                    2.22                      -9.1013622
                   2.223                      -9.0355721
               2.2259998                      -8.9738045
               2.2289999                      -8.9190416
               2.2319999                      -8.8734589
               2.2349997                       -8.838191
               2.2380002                       -8.813201
               2.2409999                      -8.7972898
                   2.244                      -8.7882233
                   2.247                      -8.7829876
               2.2499998                      -8.7781401
               2.2529995                      -8.7702436
                   2.256                      -8.7563334
               2.2590001                       -8.734333
               2.2620001                      -8.7033558
               2.2649999                      -8.6638412
               2.2679999                      -8.6174669
               2.2709997                      -8.5668955
               2.2739995                      -8.5153666
                   2.277                      -8.4662437
                    2.28                      -8.4225655
                   2.283                      -8.3866692
                   2.286                      -8.3599081
               2.2889996                      -8.3425035
               2.2919996                      -8.3335114
               2.2950001                      -8.3309174
               2.2979999                      -8.3318634
               2.3009999                      -8.3329802
               2.3039999                      -8.3308077
               2.3069997                      -8.3222685
               2.3100002                      -8.3050976
                   2.313                       -8.278183
                   2.316                      -8.2417288
                   2.319                      -8.1972246
               2.3219998                      -8.1471968
               2.3249998                      -8.0948439
               2.3279996                        -8.04356
               2.3310001                       -7.996491
               2.3340001                      -7.9561381
               2.3369999                      -7.9240532
               2.3399999                      -7.9006715
               2.3429997                      -7.8852615
               2.3459995                      -7.8760095
                   2.349                       -7.870223
                   2.352                       -7.864656
                   2.355                      -7.8559217
                   2.358                       -7.840951
               2.3609998                      -7.8174338
               2.3639996                      -7.7841616
               2.3670001                      -7.7412152
               2.3699999                      -7.6899462
               2.3729999                      -7.6327667
               2.3759999                      -7.5727844
               2.3789999                      -7.5133615
               2.3819997                      -7.4576597
               2.3849995                      -7.4082465
                   2.388                      -7.3667965
                   2.391                      -7.3339033
               2.3939998                      -7.3090248
               2.3969998                      -7.2905488
               2.3999996                      -7.2759843
               2.4029996                       -7.262259
               2.4060001                      -7.2461133
               2.4089999                      -7.2245364
               2.4119999                      -7.1951923
                   2.415                       -7.156765
               2.4179997                      -7.1091552
               2.4209995                      -7.0534949
                   2.424                      -6.9919701
                   2.427                      -6.9274869
               2.4300001                      -6.8632646
               2.4329998                      -6.8023901
               2.4359996                      -6.7474442
               2.4389997                      -6.7001891
               2.4419999                       -6.661375
               2.4449999                      -6.6306696
                   2.448                      -6.6067023
                   2.451                      -6.5872202
               2.4539998                      -6.5693641
               2.4569995                      -6.5500236
                    2.46                      -6.5262437
               2.4630001                      -6.4956427
               2.4659998                      -6.4567475
               2.4689999                      -6.4092174
               2.4719999                      -6.3538871
               2.4749997                      -6.2926412
               2.4780002                      -6.2281218
               2.4809999                      -6.1633558
                   2.484                      -6.1013422
                   2.487                      -6.0446706
               2.4899998                      -5.9952106
               2.4929996                      -5.9539113
               2.4959996                      -5.9206905
               2.4990001                      -5.8944573
               2.5020001                      -5.8732424
               2.5049999                      -5.8544245
               2.5079999                      -5.8350573
               2.5109997                      -5.8122478
               2.5139995                      -5.7835484
                   2.517                      -5.7473035
                    2.52                      -5.7028909
                   2.523                      -5.6508117
                   2.526                      -5.5926075
               2.5289996                      -5.5306306
               2.5319996                       -5.467701
               2.5350001                      -5.4067245
               2.5379999                      -5.3503156
               2.5409999                      -5.3004794
               2.5439999                       -5.258388
               2.5469997                      -5.2242503
               2.5499997                      -5.1972947
                   2.553                      -5.1758661
                   2.556                      -5.1576085
                   2.559                      -5.1397629
               2.5619998                       -5.119504
               2.5649998                       -5.094317
               2.5679996                      -5.0623589
               2.5710001                      -5.0227051
               2.5740001                      -4.9754944
               2.5769999                      -4.9219017
               2.5799999                      -4.8639584
               2.5829999                      -4.8042631
               2.5859995                      -4.7456169
               2.5889995                      -4.6906633
                   2.592                      -4.6415596
                   2.595                      -4.5997267
                   2.598                      -4.5656986
               2.6009998                      -4.5390635
               2.6039996                      -4.5185156
               2.6069996                      -4.5020108
               2.6099999                      -4.4870043
               2.6129999                      -4.4707699
               2.6159999                      -4.4507484
                   2.619                      -4.4249029
               2.6219997                      -4.3920012
               2.6249995                      -4.3517976
                   2.628                      -4.3050647
                   2.631                      -4.2534828
               2.6339998                       -4.199389
               2.6369998                      -4.1454668
               2.6399996                      -4.0943842
               2.6429996                      -4.0484657
               2.6460001                       -4.009419
               2.6489999                      -3.9781494
                   2.652                      -3.9546673
                   2.655                      -3.9380927
               2.6579998                      -3.9267578
               2.6609995                      -3.9184074
                   2.664                      -3.9104712
               2.6670001                      -3.9003863
               2.6700001                      -3.8859499
               2.6729999                      -3.8656137
               2.6759999                      -3.8387215
               2.6789997                      -3.8055999
               2.6819994                      -3.7675245
               2.6849999                      -3.7265422
                   2.688                      -3.6851876
                   2.691                      -3.6461649
                   2.694                      -3.6120098
               2.6969995                       -3.584794
               2.6999996                      -3.5659065
               2.7030001                      -3.5559027
               2.7059999                      -3.5544674
               2.7089999                      -3.5604553
               2.7119999                      -3.5720258
               2.7149997                      -3.5868702
               2.7179997                      -3.6024928
                   2.721                      -3.6165416
                   2.724                      -3.6271312
                   2.727                      -3.6331222
               2.7299998                      -3.6342981
               2.7329996                       -3.631428
               2.7359996                      -3.6261699
               2.7390001                      -3.6208749
               2.7420001                      -3.6182909
               2.7449999                      -3.6212316
               2.7479999                       -3.632256
               2.7509997                      -3.6533871
               2.7539995                      -3.6858997
                   2.757                      -3.7301941
                    2.76                       -3.785748
                   2.763                      -3.8511693
                   2.766                       -3.924336
               2.7689998                       -4.002624
               2.7719996                      -4.0832105
               2.7750001                      -4.1634245
               2.7779999                      -4.2411032
               2.7809999                      -4.3148999
               2.7839999                       -4.384491
               2.7869999                      -4.4506445
               2.7899997                      -4.5151134
               2.7929995                      -4.5804029
                   2.796                      -4.6494203
                   2.799                      -4.7250781
               2.8019998                       -4.809895
               2.8049998                      -4.9056497
               2.8079996                       -5.013093
               2.8109996                      -5.1317754
               2.8140001                      -5.2599721
               2.8169999                       -5.394753
               2.8199999                      -5.5321846
                   2.823                      -5.6677032
               2.8259995                      -5.7966142
               2.8289995                        -5.91469
                   2.832                      -6.0187674
                   2.835                      -6.1072226
               2.8380001                      -6.1802273
               2.8409998                      -6.2396998
               2.8439996                      -6.2889638
               2.8469996                      -6.3321824
               2.8499999                       -6.373693
               2.8529999                      -6.4173355
               2.8559999                      -6.4658961
                   2.859                      -6.5206957
               2.8619998                      -6.5813694
               2.8649995                      -6.6458468
                   2.868                      -6.7105517
               2.8710001                      -6.7708154
               2.8739998                      -6.8214979
               2.8769999                      -6.8577671
               2.8799999                      -6.8758879
               2.8829997                      -6.8739085
               2.8860002                      -6.8520594
               2.8889999                      -6.8127503
                   2.892                      -6.7602077
                   2.895                      -6.6997952
               2.8979998                      -6.6372209
               2.9009995                      -6.5777674
               2.9039996                        -6.52565
               2.9070001                      -6.4835706
               2.9100001                      -6.4524784
               2.9129999                        -6.43152
               2.9159999                      -6.4181876
               2.9189997                      -6.4086461
               2.9219995                      -6.3982234
                   2.925                      -6.3820677
                   2.928                      -6.3558526
                   2.931                      -6.3164692
                   2.934                       -6.262547
               2.9369996                      -6.1946936
               2.9399996                       -6.115396
               2.9430001                      -6.0286231
               2.9459999                      -5.9392076
               2.9489999                      -5.8521514
               2.9519999                       -5.771975
               2.9549997                      -5.7021952
               2.9579997                      -5.6449513
                   2.961                       -5.600822
                   2.964                      -5.5687776
                   2.967                      -5.5463233
               2.9699998                      -5.5297761
               2.9729998                      -5.5146952
               2.9759996                      -5.4964471
               2.9790001                      -5.4708347
               2.9820001                      -5.4347124
               2.9849999                      -5.3864632
               2.9879999                      -5.3262682
               2.9909999                      -5.2560568
               2.9939995                      -5.1791978
               2.9969995                      -5.0999756
                       3                      -5.0229735

