        Frequency / GHz                S1,1/abs,dB
----------------------------------------------------------------------
                       0                      -0.1396548
                   0.003                     -0.13303673
            0.0060000001                     -0.11446487
            0.0089999996                    -0.087515146
                   0.012                    -0.057304975
                   0.015                    -0.029474532
             0.017999999                   -0.0091384109
                   0.021                 -1.9286548e-015
                   0.024                   -0.0037527229
             0.026999997                    -0.019812401
             0.029999999                    -0.045395568
                   0.033                    -0.075959615
             0.035999998                      -0.1059508
             0.038999993                      -0.1297995
             0.041999999                     -0.14299203
             0.044999998                     -0.14300413
                   0.048                     -0.12984942
             0.050999999                     -0.10608234
             0.053999994                    -0.076262541
                   0.057                    -0.046027396
             0.059999999                    -0.021006476
             0.063000001                   -0.0058169714
                   0.066                   -0.0032891762
             0.068999998                      -0.0140125
             0.071999997                    -0.036239747
             0.074999988                    -0.066130377
             0.077999987                    -0.098362394
                   0.081                     -0.12704624
             0.083999999                      -0.1468097
             0.086999997                     -0.15388405
             0.089999996                     -0.14691079
             0.092999987                     -0.12725376
             0.096000001                    -0.098718986
             0.098999999                    -0.066768929
                   0.102                    -0.037438162
                   0.105                    -0.016221307
              0.10799999                   -0.0071127517
              0.11099999                    -0.011966003
                   0.114                    -0.030179495
                   0.117                    -0.058774728
                    0.12                    -0.092819594
              0.12299999                     -0.12623724
                   0.126                      -0.1528739
              0.12899999                     -0.16770016
                   0.132                     -0.16786484
              0.13499998                     -0.15334129
                   0.138                     -0.12696429
                   0.141                    -0.093837962
              0.14399999                    -0.060306773
                   0.147                    -0.032735396
              0.14999998                    -0.016368615
                   0.153                    -0.014464173
              0.15599997                    -0.027758863
              0.15899999                    -0.054325048
                   0.162                    -0.089811251
              0.16499998                      -0.1280991
                   0.168                     -0.16230918
              0.17099997                      -0.1860843
              0.17399999                     -0.19488434
                   0.177                     -0.18699676
              0.17999999                      -0.1639667
                   0.183                     -0.13030085
              0.18599997                      -0.0925318
                   0.189                    -0.057929851
                   0.192                    -0.033153225
              0.19499999                     -0.02311532
                   0.198                    -0.030179495
              0.20099998                    -0.053773884
                   0.204                     -0.09039662
              0.20699997                     -0.13406877
              0.20999999                     -0.17724296
                   0.213                     -0.21209794
              0.21599998                     -0.23207258
                   0.219                     -0.23329353
              0.22199997                     -0.21551354
              0.22499999                     -0.18224247
                   0.228                     -0.14003992
              0.23099998                    -0.097166538
                   0.234                      -0.0619976
              0.23699997                    -0.041547302
              0.23999999                    -0.040331155
              0.24299997                    -0.059639502
              0.24599998                    -0.097258158
                   0.249                     -0.14766327
                   0.252                      -0.2027081
                   0.255                     -0.25287408
              0.25799999                     -0.28898662
              0.26100001                     -0.30414963
                   0.264                     -0.29537806
              0.26699999                     -0.26444337
              0.26999995                     -0.21759318
                   0.273                     -0.16424684
              0.27599999                     -0.11510647
              0.27899998                    -0.080192052
              0.28200001                    -0.067194663
                   0.285                    -0.080303878
              0.28799999                     -0.11951392
              0.29099995                     -0.18042237
                   0.294                     -0.25454202
              0.29699999                     -0.33028966
              0.29999995                     -0.39475545
                   0.303                     -0.43618247
              0.30599999                     -0.44669542
              0.30899999                     -0.42446005
              0.31199995                     -0.37445551
                   0.315                      -0.3075271
              0.31799999                     -0.23810777
              0.32099995                     -0.18143624
                   0.324                     -0.15100779
              0.32699999                     -0.15666588
              0.32999995                     -0.20329475
                   0.333                     -0.28998917
                   0.336                     -0.40959749
              0.33899999                     -0.54879171
              0.34199995                      -0.6891073
                   0.345                     -0.80948913
              0.34799999                     -0.89060003
              0.35099995                     -0.92015958
                   0.354                     -0.89743453
              0.35699999                     -0.83479035
              0.35999998                     -0.75562757
              0.36299995                     -0.69000411
                   0.366                     -0.67021489
              0.36899999                     -0.72795254
              0.37199995                       -0.893534
                   0.375                      -1.1969198
              0.37799999                      -1.6702334
              0.38099995                      -2.3519108
                   0.384                        -3.29356
              0.38699999                      -4.5725498
              0.38999999                      -6.3188124
              0.39299995                      -8.7833786
                   0.396                      -12.568185
              0.39899999                      -19.940292
              0.40199995                      -28.694901
                   0.405                      -15.213027
              0.40799999                      -10.277102
              0.41099995                      -7.2932429
              0.41399994                      -5.2355814
                   0.417                      -3.7393751
              0.41999999                      -2.6314549
              0.42299995                      -1.8147634
                   0.426                      -1.2279669
              0.42899999                      -0.8279981
              0.43199995                     -0.58121717
                   0.435                      -0.4583382
              0.43799999                     -0.43129259
              0.44099998                     -0.47141489
              0.44399995                      -0.5489853
                   0.447                     -0.63439345
              0.44999999                     -0.70100403
              0.45299995                     -0.72908473
                   0.456                     -0.70927501
              0.45899999                     -0.64378643
              0.46199995                     -0.54453695
              0.46499994                     -0.42906162
              0.46799999                     -0.31592008
              0.47099999                     -0.22109273
              0.47399995                     -0.15584093
                   0.477                     -0.12586954
              0.47999999                     -0.13131364
              0.48299995                     -0.16724415
              0.48599994                     -0.22455226
              0.48899999                     -0.29126647
              0.49199995                     -0.35435712
              0.49499995                     -0.40194529
                   0.498                     -0.42552838
              0.50099999                     -0.42164606
              0.50400001                     -0.39239952
              0.50699997                     -0.34465447
              0.50999999                      -0.2882266
              0.51300001                     -0.23369506
              0.51599997                     -0.19042632
              0.51899999                     -0.16515543
              0.52200001                     -0.16120681
              0.52499998                     -0.17827182
                   0.528                     -0.21266189
              0.53099996                     -0.25796691
              0.53399998                     -0.30610687
                   0.537                     -0.34870303
               0.5399999                     -0.37859043
              0.54299998                     -0.39118847
                   0.546                     -0.38536423
              0.54899991                     -0.36354911
              0.55199999                     -0.33105442
              0.55500001                     -0.29485959
              0.55799997                     -0.26217586
              0.56099999                     -0.23916674
              0.56400001                     -0.22999372
              0.56699997                     -0.23628975
              0.56999999                     -0.25703257
              0.57299989                     -0.28880462
              0.57599998                     -0.32638353
                   0.579                      -0.3636452
               0.5819999                     -0.39463571
              0.58499998                     -0.41467556
                   0.588                     -0.42125204
               0.5909999                      -0.4144665
              0.59399998                     -0.39693481
                   0.597                     -0.37315941
               0.5999999                     -0.34858283
              0.60299999                     -0.32853234
              0.60600001                       -0.317307
              0.60899991                     -0.31750676
              0.61199999                     -0.32970026
              0.61500001                     -0.35240301
              0.61799997                     -0.38236809
              0.62099999                     -0.41515562
              0.62399989                     -0.44590187
              0.62699997                     -0.47019991
                    0.63                     -0.48491809
               0.6329999                     -0.48878828
              0.63599998                     -0.48261583
                   0.639                     -0.46905887
               0.6419999                     -0.45205098
              0.64499998                     -0.43601426
                   0.648                     -0.42504451
               0.6509999                     -0.42221507
              0.65399998                     -0.42911273
              0.65700001                     -0.44562611
              0.65999991                     -0.47001135
              0.66299999                     -0.49920827
              0.66600001                     -0.52937633
              0.66899997                     -0.55657333
              0.67199999                     -0.57746714
              0.67499989                      -0.5899632
              0.67799997                     -0.59358287
              0.68099999                      -0.5895294
               0.6839999                     -0.58040631
              0.68699998                     -0.56968838
                    0.69                     -0.56105328
               0.6929999                     -0.55772102
              0.69599998                     -0.56192589
                   0.699                     -0.57457328
               0.7019999                     -0.59512568
              0.70499998                     -0.62172884
                   0.708                     -0.65153259
              0.71099991                      -0.6811915
              0.71399999                     -0.70745951
              0.71700001                     -0.72778195
              0.71999997                     -0.74077088
              0.72299999                     -0.74644297
              0.72599989                     -0.74620491
              0.72899997                     -0.74254763
              0.73199999                     -0.73855823
               0.7349999                     -0.73734921
              0.73799998                     -0.74151176
                   0.741                     -0.75269914
               0.7439999                     -0.77137536
              0.74699998                     -0.79676479
                    0.75                     -0.82700551
               0.7529999                     -0.85946983
              0.75599998                     -0.89122754
                   0.759                     -0.91956329
              0.76199991                      -0.9424693
              0.76499999                     -0.95902115
              0.76800001                     -0.96952629
              0.77099997                     -0.97546101
              0.77399999                     -0.97916436
              0.77699989                     -0.98340094
              0.77999997                     -0.99086303
              0.78299999                      -1.0037066
              0.78599989                      -1.0232141
              0.78899997                      -1.0496004
                   0.792                      -1.0820001
               0.7949999                      -1.1186259
              0.79799998                      -1.1570798
                   0.801                      -1.1947678
               0.8039999                      -1.2293571
              0.80699998                      -1.2591989
                    0.81                      -1.2836245
               0.8129999                      -1.3030685
              0.81599998                      -1.3189679
              0.81900001                      -1.3334929
              0.82199991                      -1.3491501
              0.82499999                      -1.3683395
              0.82799989                      -1.3929644
              0.83099997                      -1.4241273
              0.83399999                      -1.4619759
              0.83699989                      -1.5056922
              0.83999997                      -1.5536463
              0.84299999                      -1.6036685
               0.8459999                      -1.6534261
              0.84899998                      -1.7008252
                   0.852                       -1.744385
               0.8549999                      -1.7835026
              0.85799998                      -1.8185585
                   0.861                      -1.8508472
               0.8639999                      -1.8823377
              0.86699998                      -1.9153244
                    0.87                      -1.9520459
              0.87299991                      -1.9943212
              0.87599999                      -2.0432727
              0.87899989                      -2.0991685
              0.88199997                      -2.1613925
              0.88499999                       -2.228564
              0.88799989                      -2.2987549
              0.89099997                      -2.3698142
              0.89399999                      -2.4397218
               0.8969999                      -2.5069413
              0.89999998                       -2.570668
                   0.903                       -2.630981
               0.9059999                      -2.6888142
              0.90899998                      -2.7457907
                   0.912                      -2.8039384
               0.9149999                      -2.8653569
              0.91799998                      -2.9318743
              0.92099988                      -3.0047696
              0.92399991                      -3.0845809
              0.92699999                      -3.1710277
              0.92999989                      -3.2630408
              0.93299997                       -3.358917
              0.93599999                      -3.4565547
              0.93899989                      -3.5537465
              0.94199997                       -3.648505
              0.94499999                      -3.7393312
              0.94799989                      -3.8254185
              0.95099998                      -3.9067304
                   0.954                      -3.9839437
               0.9569999                      -4.0582685
              0.95999998                      -4.1312022
                   0.963                      -4.2042108
               0.9659999                      -4.2784572
              0.96899998                      -4.3545618
              0.97199988                      -4.4324431
               0.9749999                      -4.5112677
              0.97799999                      -4.5894699
              0.98099989                      -4.6648993
              0.98399991                      -4.7350197
              0.98699999                      -4.7971754
              0.98999989                      -4.8488717
              0.99299997                      -4.8880472
              0.99599999                      -4.9132762
              0.99899989                      -4.9238892
                   1.002                      -4.9199858
                   1.005                      -4.9023352
                   1.008                       -4.872211
               1.0109999                      -4.8311582
               1.0139999                      -4.7807579
                   1.017                      -4.7224216
                    1.02                      -4.6572247
                   1.023                      -4.5858188
                   1.026                      -4.5084004
               1.0289999                       -4.424767
               1.0319999                      -4.3344235
               1.0349998                      -4.2367463
                   1.038                      -4.1311665
                   1.041                      -4.0173655
                   1.044                      -3.8954308
               1.0469999                       -3.765969
                    1.05                      -3.6301391
                   1.053                      -3.4896209
                   1.056                       -3.346493
                   1.059                      -3.2030752
               1.0619999                      -3.0617337
               1.0649999                      -2.9246867
                   1.068                      -2.7938359
                   1.071                      -2.6706438
                   1.074                      -2.5560496
               1.0769999                      -2.4504542
               1.0799998                      -2.3537638
               1.0830001                      -2.2654669
                   1.086                      -2.1847725
               1.0889997                      -2.1107614
                   1.092                      -2.0425501
                   1.095                      -1.9794365
               1.0979998                      -1.9210211
                   1.101                      -1.8672705
                   1.104                      -1.8185208
               1.1069999                      -1.7754251
                    1.11                      -1.7388511
               1.1129999                      -1.7097375
               1.1159999                      -1.6889421
               1.1190001                      -1.6771002
                   1.122                      -1.6745051
               1.1249999                      -1.6810455
                   1.128                      -1.6961735
                   1.131                        -1.71896
               1.1339999                      -1.7481748
               1.1369997                      -1.7824353
                    1.14                      -1.8203721
                   1.143                      -1.8608001
               1.1459998                      -1.9028769
               1.1489999                      -1.9462051
                   1.152                      -1.9908789
               1.1550001                      -2.0374546
                   1.158                       -2.086844
               1.1609999                      -2.1401672
               1.1639998                      -2.1985672
               1.1670001                       -2.263036
                    1.17                      -2.3342514
               1.1729997                      -2.4124732
                   1.176                      -2.4974992
                   1.179                       -2.588686
               1.1819998                       -2.685034
               1.1849999                       -2.785336
                   1.188                      -2.8883555
               1.1909999                      -2.9930236
                   1.194                      -3.0986125
               1.1969999                        -3.20486
               1.1999998                      -3.3120327
               1.2030001                      -3.4208915
                   1.206                      -3.5325959
               1.2089999                      -3.6485364
                   1.212                      -3.7701347
                   1.215                      -3.8986442
               1.2179998                      -4.0349736
                   1.221                      -4.1795607
                   1.224                      -4.3323064
               1.2269999                      -4.4925785
                    1.23                      -4.6592941
               1.2329999                      -4.8310599
               1.2359999                      -5.0063519
               1.2390001                      -5.1837206
                   1.242                      -5.3619986
               1.2449999                      -5.5404372
               1.2479998                      -5.7188063
                   1.251                      -5.8973889
               1.2539999                      -6.0768833
               1.2569997                      -6.2582588
                    1.26                      -6.4425297
                   1.263                       -6.630538
               1.2659998                      -6.8227367
               1.2689999                      -7.0190206
                   1.272                      -7.2186065
               1.2749999                      -7.4200072
                   1.278                      -7.6210628
               1.2809999                      -7.8190556
               1.2839998                      -8.0109081
               1.2870001                      -8.1934109
                    1.29                      -8.3634949
               1.2929997                      -8.5184908
                   1.296                      -8.6563492
                   1.299                       -8.775775
               1.3019998                      -8.8762875
               1.3049999                      -8.9581556
                   1.308                      -9.0222702
               1.3109999                      -9.0699425
                   1.314                      -9.1026754
               1.3169999                      -9.1219444
               1.3199998                      -9.1290026
               1.3230001                      -9.1247444
                   1.326                      -9.1096268
               1.3289999                      -9.0836754
                   1.332                      -9.0465546
                   1.335                      -8.9977236
               1.3379999                      -8.9366302
               1.3409997                      -8.8629313
                   1.344                      -8.7767162
                   1.347                      -8.6786633
               1.3499998                       -8.570118
               1.3529999                      -8.4530678
               1.3559999                      -8.3300047
               1.3589998                      -8.2037106
                   1.362                      -8.0769958
               1.3649999                      -7.9524169
               1.3679998                      -7.8320508
               1.3710001                      -7.7173042
                   1.374                      -7.6088285
               1.3769997                      -7.5065079
                    1.38                      -7.4095521
                   1.383                      -7.3166695
               1.3859998                      -7.2263112
               1.3889999                      -7.1369433
                   1.392                      -7.0473208
               1.3949999                       -6.956718
                   1.398                      -6.8650646
               1.4009999                      -6.7729859
               1.4039998                       -6.681705
               1.4070001                      -6.5928669
                    1.41                      -6.5082774
               1.4129997                      -6.4296436
                   1.416                       -6.358314
                   1.419                       -6.295094
               1.4219998                      -6.2401319
                   1.425                      -6.1929035
                   1.428                      -6.1522908
               1.4309999                       -6.116755
                   1.434                      -6.0845656
               1.4369999                      -6.0540667
               1.4399999                      -6.0239472
               1.4430001                      -5.9934435
                   1.446                      -5.9624667
               1.4489999                      -5.9316049
               1.4519998                      -5.9020319
                   1.455                      -5.8752871
               1.4579999                      -5.8530297
               1.4609997                      -5.8367734
                   1.464                       -5.827632
                   1.467                      -5.8261576
               1.4699998                      -5.8322473
               1.4729999                      -5.8451529
                   1.476                       -5.863596
               1.4789999                      -5.8859549
                   1.482                       -5.910521
               1.4849999                      -5.9357762
               1.4879998                      -5.9606471
               1.4910001                      -5.9846816
                   1.494                      -6.0081382
               1.4969997                      -6.0319357
                     1.5                      -6.0575099
                   1.503                      -6.0865664
               1.5059998                      -6.1207981
               1.5089999                      -6.1616225
                   1.512                      -6.2099452
               1.5149999                      -6.2660203
                   1.518                      -6.3294029
               1.5209999                      -6.3990121
               1.5239998                      -6.4732895
               1.5270001                      -6.5504456
                    1.53                      -6.6287518
               1.5329999                      -6.7068329
                   1.536                      -6.7839165
                   1.539                      -6.8599749
               1.5419999                       -6.935751
               1.5449997                       -7.012639
                   1.548                      -7.0924635
               1.5509999                      -7.1771741
               1.5539998                      -7.2685342
               1.5569999                       -7.367837
               1.5599999                      -7.4756889
               1.5629998                      -7.5919104
                   1.566                      -7.7155409
               1.5689999                      -7.8449774
               1.5719998                      -7.9782071
                   1.575                      -8.1131401
               1.5779999                      -8.2479563
               1.5809997                      -8.3814402
                   1.584                      -8.5132103
                   1.587                      -8.6438246
               1.5899998                      -8.7747078
               1.5929999                      -8.9079285
                   1.596                      -9.0458641
               1.5989999                      -9.1908226
                   1.602                       -9.344656
               1.6049999                      -9.5084658
               1.6079998                      -9.6824102
               1.6110001                      -9.8656416
                   1.614                      -10.056403
               1.6169997                      -10.252274
                    1.62                      -10.450529
                   1.623                      -10.648603
               1.6259998                      -10.844535
               1.6289999                      -11.037358
                   1.632                      -11.227319
               1.6349999                       -11.41588
                   1.638                      -11.605503
               1.6409999                      -11.799251
               1.6439998                      -12.000281
               1.6470001                      -12.211323
                    1.65                      -12.434221
               1.6529999                      -12.669597
               1.6559998                      -12.916678
                   1.659                      -13.173317
               1.6619999                      -13.436217
               1.6649997                      -13.701364
                   1.668                      -13.964618
                   1.671                      -14.222407
               1.6739998                      -14.472366
               1.6769999                      -14.713804
               1.6799999                      -14.947861
               1.6829998                      -15.177318
                   1.686                      -15.406074
               1.6889999                      -15.638433
               1.6919998                      -15.878306
               1.6950001                       -16.12849
                   1.698                      -16.390083
               1.7009997                       -16.66214
                   1.704                      -16.941559
                   1.707                      -17.223272
               1.7099998                      -17.500763
               1.7129999                      -17.766884
                   1.716                      -18.014919
               1.7189999                      -18.239674
                   1.722                      -18.438389
               1.7249999                      -18.611174
               1.7279998                      -18.760843
               1.7310001                      -18.892197
                   1.734                      -19.010929
               1.7369998                      -19.122463
                    1.74                        -19.2309
                   1.743                      -19.338232
               1.7459998                      -19.443916
               1.7489997                      -19.544773
                   1.752                      -19.635263
               1.7549999                      -19.708151
               1.7579998                      -19.755531
               1.7609999                      -19.770144
               1.7639999                      -19.746712
               1.7669998                      -19.683043
                    1.77                      -19.580528
               1.7729999                      -19.443905
               1.7759998                      -19.280355
                   1.779                      -19.098232
               1.7819999                      -18.905699
               1.7849997                      -18.709627
                   1.788                      -18.514809
                   1.791                      -18.323563
               1.7939998                      -18.135698
               1.7969999                      -17.948799
                     1.8                       -17.75881
               1.8029999                      -17.560837
                   1.806                      -17.350153
               1.8089999                      -17.123167
               1.8119998                      -16.878241
               1.8150001                      -16.616091
                   1.818                      -16.339735
               1.8209997                      -16.053967
                   1.824                      -15.764527
                   1.827                      -15.477193
               1.8299998                      -15.196939
               1.8329997                      -14.927327
                   1.836                      -14.670147
               1.8389999                      -14.425331
               1.8419998                      -14.191113
               1.8449999                      -13.964401
               1.8479998                      -13.741333
               1.8510001                      -13.517935
                   1.854                       -13.29081
               1.8569999                      -13.057727
               1.8599998                      -12.817986
                   1.863                      -12.572502
               1.8659999                      -12.323569
               1.8689997                      -12.074403
                   1.872                      -11.828537
                   1.875                      -11.589227
               1.8779998                      -11.358948
               1.8809999                       -11.13906
               1.8839999                      -10.929667
               1.8869998                      -10.729653
                    1.89                       -10.53692
               1.8929999                      -10.348741
               1.8959998                      -10.162238
                   1.899                      -9.9748573
                   1.902                      -9.7848053
               1.9049997                       -9.591341
                   1.908                      -9.3948708
                   1.911                      -9.1968479
               1.9139998                      -8.9994612
               1.9169999                      -8.8052444
                    1.92                      -8.6166344
               1.9229999                      -8.4355888
                   1.926                      -8.2632961
               1.9289999                      -8.1000347
               1.9319998                       -7.945168
               1.9350001                      -7.7972808
                   1.938                      -7.6544352
               1.9409997                      -7.5145025
               1.9439998                      -7.3755255
                   1.947                      -7.2360511
               1.9499998                      -7.0953698
               1.9529997                      -6.9536276
                   1.956                       -6.811769
               1.9589999                      -6.6713548
               1.9619998                      -6.5342712
               1.9649999                      -6.4024038
               1.9679998                      -6.2773199
               1.9709998                       -6.160028
                   1.974                      -6.0508275
               1.9769999                      -5.9492774
               1.9799998                       -5.854279
                   1.983                      -5.7642627
               1.9859999                      -5.6774449
               1.9889997                      -5.5921316
                   1.992                      -5.5069919
                   1.995                      -5.4212856
               1.9979998                      -5.3349752
               2.0009999                      -5.2487125
               2.0039999                      -5.1637111
                   2.007                      -5.0815086
                    2.01                      -5.0036926
               2.0129998                      -4.9316177
                   2.016                      -4.8661819
               2.0190001                      -4.8076673
               2.0219998                      -4.7556911
               2.0249999                      -4.7092628
               2.0279999                      -4.6669354
               2.0309999                      -4.6270404
               2.0339999                      -4.5879536
               2.0369999                      -4.5483665
                    2.04                      -4.5075016
                   2.043                      -4.4652362
                   2.046                      -4.4221029
               2.0489998                      -4.3791723
                   2.052                      -4.3378453
               2.0550001                      -4.2995825
               2.0579998                      -4.2656326
               2.0609996                      -4.2368016
               2.0639999                      -4.2133045
               2.0669999                      -4.1947045
               2.0699997                      -4.1799693
                   2.073                      -4.1676288
                   2.076                      -4.1560073
                   2.079                      -4.1435013
                   2.082                      -4.1288509
               2.0849998                      -4.1113548
               2.0880001                      -4.0909829
               2.0910001                      -4.0683727
               2.0939999                       -4.044692
               2.0969999                      -4.0214109
               2.0999999                      -4.0000267
               2.1029999                      -3.9817801
               2.1059999                      -3.9674399
                   2.109                      -3.9571419
                   2.112                      -3.9503734
                   2.115                      -3.9460366
                   2.118                      -3.9426465
               2.1209998                       -3.938576
               2.1239998                      -3.9323421
               2.1270001                      -3.9228899
               2.1299999                      -3.9097736
               2.1329999                      -3.8932462
               2.1359999                      -3.8742127
               2.1389999                      -3.8540511
                   2.142                      -3.8343658
                   2.145                      -3.8166821
                   2.148                      -3.8021865
                   2.151                      -3.7915049
               2.1539998                      -3.7846024
               2.1569998                      -3.7807827
               2.1599996                      -3.7788084
               2.1630001                      -3.7771184
               2.1660001                       -3.774111
               2.1689999                      -3.7684312
               2.1719999                       -3.759233
                   2.175                      -3.7463341
               2.1779995                      -3.7302585
               2.1809995                       -3.712132
                   2.184                      -3.6934719
                   2.187                      -3.6759095
               2.1900001                       -3.660886
               2.1929998                      -3.6493962
               2.1959996                      -3.6418152
               2.1990001                      -3.6378288
               2.2019999                      -3.6364839
               2.2049999                       -3.636358
               2.2079999                       -3.635808
                   2.211                       -3.633266
               2.2139997                      -3.6275368
               2.2169995                      -3.6180153
                    2.22                      -3.6048086
                   2.223                      -3.5887077
               2.2259998                      -3.5710344
               2.2289999                      -3.5533903
               2.2319999                      -3.5373518
               2.2349997                      -3.5241721
               2.2380002                      -3.5145593
               2.2409999                       -3.508523
                   2.244                      -3.5053816
                   2.247                      -3.5038526
               2.2499998                      -3.5022726
               2.2529995                      -3.4988832
                   2.256                      -3.4921474
               2.2590001                      -3.4810154
               2.2620001                      -3.4651237
               2.2649999                      -3.4448385
               2.2679999                      -3.4211709
               2.2709997                      -3.3955667
               2.2739995                      -3.3696058
                   2.277                      -3.3447008
                    2.28                      -3.3218172
                   2.283                      -3.3012888
                   2.286                       -3.282748
               2.2889996                      -3.2651825
               2.2919996                      -3.2471128
               2.2950001                      -3.2268608
               2.2979999                      -3.2028663
               2.3009999                      -3.1739826
               2.3039999                      -3.1397114
               2.3069997                      -3.1003013
               2.3100002                      -3.0567181
                   2.313                      -3.0104663
                   2.316                      -2.9633226
                   2.319                      -2.9170225
               2.3219998                      -2.8729696
               2.3249998                       -2.832015
               2.3279996                      -2.7943337
               2.3310001                      -2.7594337
               2.3340001                      -2.7262721
               2.3369999                      -2.6934757
               2.3399999                      -2.6596122
               2.3429997                      -2.6234884
               2.3459995                      -2.5843899
                   2.349                      -2.5422392
                   2.352                      -2.4976256
                   2.355                      -2.4517078
                   2.358                      -2.4060071
               2.3609998                      -2.3621404
               2.3639996                       -2.321537
               2.3670001                      -2.2851958
               2.3699999                      -2.2535279
               2.3729999                      -2.2262914
               2.3759999                      -2.2026398
               2.3789999                      -2.1812811
               2.3819997                      -2.1607072
               2.3849995                      -2.1394691
                   2.388                      -2.1164398
                   2.391                      -2.0910265
               2.3939998                      -2.0632772
               2.3969998                      -2.0338717
               2.3999996                      -2.0039802
               2.4029996                      -1.9750504
               2.4060001                      -1.9485341
               2.4089999                      -1.9256164
               2.4119999                      -1.9070119
                   2.415                      -1.8928288
               2.4179997                      -1.8825486
               2.4209995                      -1.8751069
                   2.424                      -1.8690763
                   2.427                      -1.8629209
               2.4300001                      -1.8552562
               2.4329998                      -1.8451203
               2.4359996                      -1.8321329
               2.4389997                      -1.8165761
               2.4419999                      -1.7993269
               2.4449999                      -1.7816961
                   2.448                      -1.7651724
                   2.451                      -1.7511505
               2.4539998                      -1.7406753
               2.4569995                      -1.7342498
                    2.46                      -1.7317432
               2.4630001                       -1.732408
               2.4659998                      -1.7350028
               2.4689999                      -1.7380112
               2.4719999                       -1.739908
               2.4749997                      -1.7394381
               2.4780002                      -1.7358556
               2.4809999                      -1.7290597
                   2.484                      -1.7196163
                   2.487                      -1.7086509
               2.4899998                       -1.697637
               2.4929996                      -1.6881195
               2.4959996                      -1.6814357
               2.4990001                      -1.6784712
               2.5020001                      -1.6795045
               2.5049999                      -1.6841542
               2.5079999                       -1.691442
               2.5109997                      -1.6999619
               2.5139995                      -1.7081341
                   2.517                      -1.7144898
                    2.52                      -1.7179493
                   2.523                      -1.7180306
                   2.526                       -1.714942
               2.5289996                      -1.7095516
               2.5319996                      -1.7032191
               2.5350001                      -1.6975483
               2.5379999                      -1.6940843
               2.5409999                      -1.6940478
               2.5439999                      -1.6980978
               2.5469997                      -1.7062253
               2.5499997                      -1.7177479
                   2.553                      -1.7314171
                   2.556                      -1.7456452
                   2.559                       -1.758782
               2.5619998                      -1.7694219
               2.5649998                        -1.77667
               2.5679996                      -1.7803112
               2.5710001                      -1.7808546
               2.5740001                        -1.77944
               2.5769999                       -1.777614
               2.5799999                       -1.777048
               2.5829999                      -1.7792195
               2.5859995                      -1.7851436
               2.5889995                      -1.7951869
                   2.592                      -1.8089951
                   2.595                      -1.8255417
                   2.598                      -1.8433067
               2.6009998                      -1.8605378
               2.6039996                      -1.8755721
               2.6069996                      -1.8871448
               2.6099999                      -1.8946328
               2.6129999                      -1.8981795
               2.6159999                      -1.8986698
                   2.619                      -1.8975599
               2.6219997                      -1.8966111
               2.6249995                      -1.8975502
                   2.628                       -1.901769
                   2.631                      -1.9100592
               2.6339998                      -1.9224815
               2.6369998                      -1.9383496
               2.6399996                      -1.9563419
               2.6429996                      -1.9747444
               2.6460001                      -1.9917606
               2.6489999                      -2.0058491
                   2.652                      -2.0160317
                   2.655                      -2.0220816
               2.6579998                      -2.0245917
               2.6609995                      -2.0248618
                   2.664                      -2.0246637
               2.6670001                      -2.0259173
               2.6700001                      -2.0303409
               2.6729999                      -2.0391521
               2.6759999                      -2.0528498
               2.6789997                      -2.0711303
               2.6819994                      -2.0929427
               2.6849999                       -2.116667
                   2.688                      -2.1404123
                   2.691                        -2.16236
                   2.694                      -2.1811194
               2.6969995                      -2.1959963
               2.6999996                       -2.207139
               2.7030001                      -2.2155209
               2.7059999                      -2.2227578
               2.7089999                      -2.2308054
               2.7119999                      -2.2415903
               2.7149997                      -2.2566602
               2.7179997                      -2.2769005
                   2.721                      -2.3023586
                   2.724                      -2.3322265
                   2.727                      -2.3649614
               2.7299998                      -2.3985429
               2.7329996                      -2.4308279
               2.7359996                       -2.459938
               2.7390001                      -2.4846179
               2.7420001                       -2.504473
               2.7449999                      -2.5200529
               2.7479999                      -2.5327337
               2.7509997                      -2.5444574
               2.7539995                      -2.5573456
                   2.757                      -2.5733006
                    2.76                      -2.5936463
                   2.763                      -2.6188741
                   2.766                      -2.6485405
               2.7689998                      -2.6813264
               2.7719996                        -2.71526
               2.7750001                      -2.7480564
               2.7779999                        -2.77755
               2.7809999                      -2.8021047
               2.7839999                      -2.8209457
               2.7869999                      -2.8343358
               2.7899997                      -2.8435223
               2.7929995                      -2.8505113
                   2.796                      -2.8576882
                   2.799                      -2.8673675
               2.8019998                      -2.8813741
               2.8049998                      -2.9007053
               2.8079996                      -2.9253559
               2.8109996                      -2.9543078
               2.8140001                      -2.9856889
               2.8169999                      -3.0171142
               2.8199999                      -3.0461049
                   2.823                      -3.0705609
               2.8259995                      -3.0891752
               2.8289995                      -3.1016834
                   2.832                      -3.1089263
                   2.835                       -3.112669
               2.8380001                      -3.1152365
               2.8409998                      -3.1190486
               2.8439996                      -3.1261356
               2.8469996                      -3.1377339
               2.8499999                      -3.1540236
               2.8529999                      -3.1740527
               2.8559999                      -3.1958549
                   2.859                       -3.216768
               2.8619998                      -3.2338777
               2.8649995                      -3.2445557
                   2.868                      -3.2469532
               2.8710001                      -3.2403522
               2.8739998                       -3.225307
               2.8769999                      -3.2035086
               2.8799999                      -3.1774406
               2.8829997                      -3.1498716
               2.8860002                      -3.1233246
               2.8889999                      -3.0996096
                   2.892                      -3.0795093
                   2.895                      -3.0626588
               2.8979998                      -3.0476358
               2.9009995                       -3.032243
               2.9039996                      -3.0139558
               2.9070001                      -2.9904358
               2.9100001                      -2.9600289
               2.9129999                      -2.9221365
               2.9159999                      -2.8773806
               2.9189997                      -2.8275023
               2.9219995                      -2.7750649
                   2.925                      -2.7229698
                   2.928                      -2.6739607
                   2.931                      -2.6301477
                   2.934                      -2.5926743
               2.9369996                      -2.5615623
               2.9399996                      -2.5357313
               2.9430001                      -2.5132229
               2.9459999                      -2.4915643
               2.9489999                      -2.4682424
               2.9519999                      -2.4411907
               2.9549997                      -2.4092014
               2.9579997                      -2.3721683
                   2.961                      -2.3311167
                   2.964                      -2.2880027
                   2.967                      -2.2453384
               2.9699998                      -2.2057128
               2.9729998                      -2.1713302
               2.9759996                       -2.143615
               2.9790001                      -2.1229732
               2.9820001                      -2.1087146
               2.9849999                      -2.0991745
               2.9879999                      -2.0919917
               2.9909999                      -2.0845304
               2.9939995                      -2.0743542
               2.9969995                      -2.0596874
                       3                      -2.0397573

